32.3636363636364
29
31.3181818181818
24.5
25.4090909090909
29.3181818181818
21.1363636363636
21.2727272727273
24.0909090909091
31.1818181818182
25.3636363636364
29.2727272727273
27.9090909090909
26.4090909090909
21.4545454545455
22.5454545454545
32.6818181818182
25.0454545454545
30.8636363636364
33.6363636363636
31.8636363636364
22.6363636363636
21.2272727272727
25.0909090909091
28.4090909090909
30
25.8181818181818
20.9545454545455
26
21.6363636363636
28.1818181818182
24.5454545454545
23.2272727272727
24.6363636363636
22.8636363636364
30.2727272727273
27.6363636363636
21.0454545454545
21.0454545454545
30.0454545454545
27.9090909090909
21.6818181818182
23.5909090909091
29.4545454545455
29.8636363636364
23.1818181818182
21.3636363636364
23.4545454545455
22
22
23.7727272727273
22.7272727272727
24.1818181818182
25.2272727272727
23.6818181818182
31
31.6363636363636
20.8181818181818
23.4090909090909
24.7272727272727
23.3181818181818
24.4545454545455
26.4545454545455
22.6818181818182
28.3181818181818
20.7272727272727
31.3636363636364
20.8181818181818
24.4545454545455
24.5909090909091
25.7727272727273
25.9090909090909
27
20.5454545454545
28.3181818181818
21.1818181818182
26.6363636363636
25.5
29.2727272727273
20.5454545454545
30.2727272727273
21.5454545454545
26.3181818181818
26.3636363636364
28.7727272727273
33.2272727272727
28.0909090909091
23.3181818181818
25.2727272727273
26.9545454545455
20.3636363636364
27.1363636363636
31.1818181818182
33.6363636363636
27.5454545454545
34.4090909090909
25.2272727272727
27.1818181818182
31.5
23.9545454545455
23.5
26.2272727272727
32.3636363636364
23.3636363636364
29.5
26.0909090909091
27.8181818181818
30.3636363636364
24.9545454545455
28.5454545454545
25.9545454545455
32.0454545454545
23.1818181818182
27.4545454545455
21.2727272727273
23.5454545454545
25.0454545454545
25.1363636363636
26.8636363636364
26.7727272727273
22.5454545454545
29.3636363636364
26.3181818181818
23.3636363636364
28.2727272727273
20.6363636363636
25.2727272727273
22.9090909090909
20.0454545454545
28.2727272727273
25
27
24.0909090909091
25.5454545454545
27.0454545454545
25.5454545454545
22.5454545454545
23.8181818181818
38.4090909090909
21.5454545454545
25.2272727272727
28.0454545454545
26.5
23.5
24.6818181818182
20.2272727272727
26.2727272727273
26
25.5909090909091
27.0454545454545
29.4545454545455
27.0454545454545
28.8636363636364
21.5
32.9090909090909
21.8636363636364
26.1818181818182
23.3636363636364
21
21.9090909090909
27.1818181818182
21.6363636363636
27.6818181818182
23.2272727272727
25.5454545454545
28.3181818181818
26.5909090909091
26.6818181818182
23.4545454545455
25.4545454545455
24.5909090909091
29.7272727272727
24.3636363636364
24.9545454545455
29.2272727272727
27.6363636363636
22.5
25.0454545454545
29.3181818181818
29.9545454545455
31.6818181818182
29.6363636363636
24.3636363636364
21.7727272727273
25.2727272727273
33.0909090909091
28.9090909090909
21.4545454545455
29.6818181818182
29.5
32.4545454545455
23.7727272727273
29.1818181818182
41.3181818181818
24.0454545454545
21.9090909090909
22.4545454545455
27.4545454545455
23.6363636363636
34.5
26.7727272727273
27.5454545454545
23.2727272727273
29.5
28.9090909090909
27.1818181818182
28.3181818181818
25
30.2272727272727
22.5909090909091
30.3181818181818
25.2727272727273
29.7727272727273
24.2272727272727
26.0454545454545
27.9090909090909
27.5454545454545
29.1363636363636
22.7727272727273
27.5909090909091
30.8181818181818
19.8636363636364
27.2727272727273
24.2727272727273
27.8181818181818
28.9545454545455
21.3636363636364
26.8636363636364
28.7272727272727
28.4545454545455
24
31.6363636363636
21.0454545454545
21.5454545454545
21.5
24.9545454545455
24
27.2272727272727
30.1363636363636
22.2272727272727
26.5909090909091
24.5909090909091
21.8636363636364
39.0909090909091
35.1363636363636
29.5454545454545
22.3636363636364
30.7272727272727
24.4545454545455
29
25.3636363636364
28.1363636363636
23.6363636363636
29.7727272727273
24.3636363636364
18.3181818181818
29.5
26.7727272727273
27.1363636363636
24
22
27.0454545454545
27.6818181818182
24.6818181818182
31.2727272727273
30.1818181818182
25.5
22.8636363636364
22.9545454545455
21.6363636363636
32.5909090909091
22.7727272727273
31.3181818181818
27.7727272727273
22.6363636363636
29.2727272727273
25.5454545454545
23.6818181818182
25.0909090909091
29.5909090909091
29.8181818181818
30.8636363636364
28.5909090909091
21.5
27.3181818181818
25.6818181818182
28.8181818181818
20.4545454545455
28.0454545454545
29.2272727272727
26.9545454545455
26.8181818181818
28.4545454545455
26.3636363636364
25.3636363636364
30.7272727272727
32
28.7272727272727
28.7727272727273
23.4545454545455
24.0454545454545
26
25.7272727272727
27.7727272727273
31.1363636363636
31.8181818181818
22.8181818181818
23.0454545454545
25.1818181818182
22.0454545454545
28.2272727272727
28.6818181818182
21.5
21.7272727272727
25.2727272727273
29.0909090909091
26.8181818181818
24.8636363636364
23.5909090909091
27.1818181818182
30.2272727272727
23.6363636363636
25.1363636363636
33.6363636363636
23.1818181818182
27.2727272727273
26.5
30.6363636363636
28.6818181818182
30
17.7727272727273
23.8181818181818
30.0909090909091
25.1363636363636
24
28.0454545454545
29.4090909090909
30.8636363636364
22.5
28.7727272727273
28.4545454545455
28.7727272727273
19.0909090909091
33.5
22.3181818181818
22.8181818181818
32.4090909090909
26.8636363636364
31.3636363636364
30.6818181818182
24.2272727272727
25.5454545454545
24.0454545454545
32.2727272727273
20.1363636363636
21.5
32.0454545454545
27.3636363636364
20.5454545454545
28.6363636363636
25.9545454545455
25.5909090909091
34.6818181818182
21.7272727272727
30.5454545454545
26.5909090909091
21.6818181818182
21.4090909090909
25.7727272727273
31.1818181818182
28.8636363636364
22.8181818181818
26.5
29.2727272727273
27.2727272727273
26.3636363636364
27.8181818181818
26.8636363636364
24.4090909090909
35.4545454545455
25.6818181818182
22.6363636363636
21.4090909090909
30.7727272727273
25.7727272727273
22.7727272727273
27.6818181818182
24.8181818181818
37.8636363636364
24
21.5
24.2272727272727
26.6818181818182
28.2272727272727
26.4545454545455
26.1818181818182
21.5454545454545
24.5909090909091
31.7727272727273
24.3636363636364
22.6818181818182
42.9545454545455
25.7272727272727
24.5
25.7727272727273
27.3181818181818
28.5
30.6363636363636
28
26.5454545454545
21.0454545454545
30.1818181818182
30.2727272727273
20.9545454545455
28.3636363636364
27.7727272727273
24.2272727272727
24.0909090909091
25.5909090909091
24.4090909090909
24.2727272727273
27.4545454545455
27.7272727272727
27.5909090909091
20.0909090909091
28.6818181818182
19.2272727272727
24.0454545454545
25.9090909090909
27.4090909090909
24.5909090909091
24.8181818181818
23.4090909090909
30.5909090909091
27.7272727272727
21.6818181818182
25.7272727272727
29.1363636363636
26.2727272727273
25.3181818181818
26.2727272727273
19.9545454545455
25.5909090909091
30.3636363636364
25.7727272727273
25.1818181818182
28.6363636363636
37.5
27.4090909090909
25.5909090909091
27
29.1363636363636
26
25.9090909090909
30.6818181818182
24.6363636363636
29.0909090909091
23.0909090909091
27.9090909090909
29.3636363636364
21.6363636363636
26.3181818181818
24
29.8181818181818
24.2272727272727
21.7272727272727
27.1363636363636
24.0909090909091
28.5909090909091
22.5909090909091
21.5909090909091
28.2727272727273
31
24.7272727272727
28.8181818181818
27.6818181818182
34.7272727272727
25.4545454545455
21.6363636363636
26.6363636363636
25.7272727272727
23.4545454545455
21.5
23.5454545454545
20.9090909090909
19.9545454545455
27.7272727272727
32.5909090909091
29.6363636363636
29.4545454545455
20.3636363636364
30.5909090909091
29
26.6363636363636
35.0454545454545
25.2272727272727
27.8181818181818
25.0454545454545
26.1363636363636
37.0454545454545
28.0454545454545
26.9090909090909
30
22.1363636363636
31.1363636363636
24.3181818181818
21.9090909090909
25.5
25.2727272727273
26.2727272727273
22.3636363636364
24.4090909090909
27.9090909090909
35.7272727272727
30.3181818181818
36.4090909090909
22
28.4545454545455
27.3636363636364
22.9545454545455
35.2272727272727
23.8636363636364
26.1818181818182
30.3181818181818
28.9545454545455
29.3181818181818
25.2727272727273
29.3636363636364
25.7727272727273
22.8181818181818
27.7272727272727
20.2727272727273
22.7272727272727
33.8181818181818
21.2727272727273
22.1818181818182
26.8181818181818
25.9545454545455
23.8181818181818
23.3181818181818
31.5909090909091
28
24.8181818181818
24.6818181818182
25.0454545454545
23.9545454545455
26.2727272727273
22.2727272727273
29.3636363636364
30.4090909090909
30.8181818181818
22.6363636363636
29.2272727272727
26.8636363636364
23.3636363636364
34.4090909090909
29.2727272727273
27.9545454545455
30.2272727272727
26.6818181818182
31.5909090909091
24.8636363636364
20.5909090909091
28.4545454545455
27.0454545454545
21.7272727272727
23.5454545454545
26.9090909090909
24.3636363636364
22.6363636363636
26.4545454545455
29.9545454545455
21.9090909090909
27.1363636363636
30.5
21.6818181818182
23.9545454545455
23.3636363636364
21.5454545454545
24.2727272727273
26.5454545454545
32.7727272727273
37.6363636363636
28
26.6818181818182
26.5
37.5909090909091
26.5454545454545
25.8181818181818
27.5454545454545
31.7727272727273
25.6363636363636
23.5
28.6363636363636
26
29.0454545454545
32.3636363636364
29.1363636363636
32.3181818181818
29.8636363636364
25
24.8181818181818
25.4090909090909
23.7727272727273
22.4545454545455
19.3636363636364
19.6818181818182
28.5454545454545
29.2727272727273
22.7727272727273
21.4545454545455
24.1818181818182
24.9090909090909
25.2272727272727
20.0454545454545
33.3181818181818
25.9090909090909
30.8636363636364
21.9545454545455
30.1818181818182
24.2727272727273
25.4545454545455
23.3181818181818
25.4545454545455
24.9545454545455
24.3181818181818
28.0454545454545
22.0454545454545
25.5454545454545
22.5
24.6818181818182
26.1818181818182
21.7272727272727
25.1363636363636
32.7272727272727
31.5909090909091
21.8636363636364
27.2727272727273
29.9545454545455
29.6818181818182
20.9545454545455
22.5454545454545
31.1363636363636
27.7727272727273
26.0909090909091
30.9545454545455
37.0454545454545
20.4090909090909
25.6818181818182
36.9545454545455
26.2272727272727
25.0909090909091
26.5
31.2727272727273
30.9545454545455
23.5909090909091
32.2727272727273
24.9545454545455
26.3181818181818
29.2272727272727
25.8181818181818
27.4545454545455
29.3181818181818
23.7727272727273
30.7727272727273
23.5
26.2272727272727
27.4090909090909
30.8181818181818
29.6363636363636
25.2727272727273
28.5
25.5
24.1818181818182
25.9545454545455
19.9545454545455
23.2727272727273
30
23.5909090909091
24.0909090909091
26.0909090909091
26.6363636363636
26.7727272727273
30
22.3636363636364
32.7727272727273
30.3181818181818
25.3181818181818
25.8636363636364
26.8181818181818
28.3636363636364
27.5454545454545
25
24.2727272727273
28.1363636363636
19.6363636363636
26.5454545454545
28.7272727272727
22.0909090909091
36.5
23.2727272727273
23.8636363636364
19.6363636363636
20.7272727272727
25.5454545454545
21.4090909090909
28.9545454545455
22.2272727272727
21.8636363636364
24.2272727272727
21.8181818181818
21.7727272727273
28.9090909090909
25.3636363636364
24.1818181818182
22.3181818181818
31.0454545454545
23.3636363636364
23.5454545454545
32.4545454545455
26.3181818181818
26.0454545454545
23.6818181818182
25.5
25.2727272727273
27.7272727272727
30.1363636363636
25.6818181818182
20.9090909090909
23.9090909090909
25.3636363636364
28.7727272727273
31.2727272727273
25.7727272727273
23.8181818181818
30.9545454545455
28.6818181818182
21.6818181818182
23.9545454545455
24.9545454545455
23.1818181818182
25.7272727272727
28.5454545454545
31.1363636363636
32.2727272727273
19.8636363636364
24.5454545454545
24.5454545454545
24.9545454545455
26.0454545454545
33.1818181818182
26.1363636363636
24.7272727272727
20.0909090909091
25.1818181818182
29.5454545454545
28.5454545454545
27.3636363636364
21.1818181818182
28.7272727272727
35.0454545454545
24.9090909090909
20.5454545454545
30.2272727272727
27
31.1818181818182
23
29.3181818181818
22.0454545454545
25.8181818181818
27.7272727272727
25.3181818181818
25.0454545454545
22.1363636363636
25.2727272727273
21.7272727272727
21.5454545454545
25.4090909090909
20.4545454545455
25.3181818181818
27.9545454545455
29.3636363636364
25.4545454545455
25.6363636363636
23.5454545454545
20.6363636363636
23.6363636363636
19.8636363636364
24.6363636363636
26.4090909090909
36.7272727272727
22.3181818181818
31.5909090909091
27.1818181818182
29.8181818181818
29
26.8181818181818
31.6363636363636
24.1818181818182
31.0454545454545
27.4090909090909
26.9545454545455
24.3636363636364
24.5909090909091
23.7727272727273
22.1818181818182
27.7727272727273
22.1363636363636
32.5
25.6818181818182
20.5909090909091
29.1363636363636
24.7727272727273
26.6363636363636
27.5454545454545
19.6363636363636
26.7727272727273
27.4090909090909
28.6363636363636
21.9545454545455
25.8181818181818
28.6818181818182
21.8636363636364
26.9090909090909
24.6818181818182
27.4545454545455
23.4090909090909
25.4545454545455
29.5909090909091
32.0909090909091
26.5454545454545
26
25.3181818181818
32.9090909090909
25
25.1818181818182
26
25.1818181818182
30
25.3636363636364
21.2272727272727
21
31.2727272727273
26.5
19.5
26.5454545454545
24.2272727272727
28.0909090909091
30.1363636363636
25.8636363636364
27.7727272727273
29.8636363636364
21.6363636363636
26.4090909090909
21.4090909090909
24.1818181818182
22.9545454545455
25.5
27.5454545454545
21.5
24.1363636363636
28.7272727272727
25.0909090909091
25.6363636363636
26.7272727272727
29.9090909090909
24.8636363636364
26.0454545454545
21.7727272727273
26.9090909090909
22.7272727272727
28.1363636363636
23.4090909090909
28.5454545454545
32.2727272727273
24.3181818181818
32.7272727272727
28.2272727272727
21.3181818181818
30.0454545454545
22.0909090909091
27.1363636363636
30.4545454545455
24.9090909090909
28.7272727272727
27.8181818181818
25.7272727272727
21.0909090909091
27.1363636363636
25.5454545454545
29.7272727272727
25.9545454545455
28.5454545454545
29
26
27.5454545454545
30.2272727272727
29.5454545454545
28.8181818181818
31.5
26.5909090909091
26.6818181818182
22.1363636363636
28.5
26.1363636363636
28.8181818181818
28.5909090909091
26.9545454545455
28.6363636363636
28.5
27.9545454545455
27.3636363636364
22.8181818181818
30
24
28.3636363636364
22.3636363636364
25.6818181818182
21.4545454545455
23.7272727272727
28.9090909090909
23.6363636363636
29.0454545454545
24.4545454545455
30.8181818181818
20.7272727272727
35.5
28.5
30.2727272727273
26.3636363636364
27.9090909090909
20.6818181818182
26.6818181818182
24
31.9545454545455
32.8636363636364
28.2727272727273
26.5909090909091
23.3636363636364
25.1818181818182
23.3181818181818
26.8181818181818
24.1818181818182
26.1363636363636
28.3181818181818
24.7727272727273
25.3636363636364
23.8636363636364
28
23.9090909090909
26.9545454545455
28.8636363636364
26.7727272727273
28.5909090909091
30.0909090909091
25.2272727272727
22.3181818181818
22.8636363636364
27.0454545454545
29.7727272727273
28.5
20.8181818181818
23.6818181818182
27.2272727272727
25.2272727272727
22.4545454545455
25.2272727272727
22.5909090909091
26.8181818181818
30.3181818181818
32.9545454545455
24
22.5
25.0454545454545
26.7272727272727
27.7272727272727
26.2272727272727
23.5454545454545
33.9090909090909
27.0909090909091
21.7727272727273
22.2272727272727
25.1818181818182
22
26.2727272727273
24.8636363636364
25.8181818181818
21.9090909090909
24.1818181818182
30.8636363636364
39.2727272727273
25.5
24
22.4090909090909
31.3181818181818
28.9090909090909
30.9090909090909
28.1363636363636
25.3636363636364
32.2727272727273
